image_width: 640
image_height: 480
camera_name: camera
camera_matrix:
  rows: 3
  cols: 3
  data: [565.517730, 0, 319.232744, 0, 564.013833, 198.939363, 0, 0, 1]
distortion_model: plumb_bob
distortion_coefficients:
  rows: 1
  cols: 5
  data: [-0.711075, 0.361805, 0.000263, -0.008962, 0]
rectification_matrix:
  rows: 3
  cols: 3
  data: [1, 0, 0, 0, 1, 0, 0, 0, 1]
projection_matrix:
  rows: 3
  cols: 4
  data: [372.279126, 0, 306.668482, 0, 0, 381.195172, 195.515899, 0, 0, 0, 1, 0]
